0.37
0.93
1.28
1.68
1.79
2.19
2.84
3.04
3.66
4.3
4.36
4.58
4.86
5.4
5.46
5.62
5.76
6.02
6.41
6.59
7.01
7.24
7.64
7.94
8.01
8.35
8.46
8.53
9.09
9.61
9.79
9.98
10.33
10.44
10.79
10.82
11.16
11.47
11.59
11.77
12.25
12.53
12.83
13.48
13.86
14.04
14.15
14.54
14.68
14.97
15.09
15.48
15.62
15.98
16.13
16.22
16.72
17.16
17.35
17.96
17.99
18.15
18.43
18.54
18.98
19.03
19.15
19.6
19.99
20.16
20.62
20.92
21.12
21.66
21.73
21.94
22.09
22.51
22.66
23.0
23.39
23.7
24.0
24.54
24.66
25.36
25.63
25.8
25.9
26.21
26.4
26.61
27.12
27.39
27.83
28.36
28.75
28.98
29.46
29.84
29.92
30.18
30.92
30.96
31.78
32.31
