0.43
0.54
0.99
1.57
1.79
2.14
2.65
2.78
3.35
3.55
4.35
4.59
4.65
5.21
5.45
5.89
5.98
6.55
6.61
6.77
7.23
7.79
7.94
8.72
8.87
9.16
9.56
10.09
10.25
10.36
10.77
10.88
10.95
11.55
11.8
12.18
12.3
12.86
12.93
13.61
13.82
14.18
14.34
14.79
15.37
15.87
16.05
16.42
16.54
16.62
16.94
17.33
17.72
18.27
18.3
18.37
18.67
18.87
19.21
19.41
19.8
19.98
20.13
20.68
20.88
21.02
21.54
21.86
21.99
22.44
22.66
23.17
23.3
23.61
24.11
24.27
24.63
25.26
25.43
25.54
25.92
26.01
26.35
26.78
27.36
27.8
27.87
28.24
28.33
29.06
29.27
29.56
29.71
29.98
30.38
30.71
30.99
31.1
31.44
32.02
32.485
