0.51
0.65
0.73
1.39
1.42
1.52
1.85
1.96
2.45
2.48
2.71
3.1
3.33
3.53
3.9
4.4
4.71
5.15
5.68
5.91
6.57
6.93
7.06
7.72
8.1
8.57
8.77
9.31
9.39
9.47
9.71
10.32
10.44
11.12
11.47
11.76
12.27
12.38
12.77
12.9
13.56
13.64
14.21
14.35
14.7
15.27
15.39
15.52
16.21
16.25
16.41
16.74
17.29
17.93
18.02
18.77
19.0
19.84
20.21
20.46
20.64
20.73
21.31
21.45
21.57
21.83
22.52
22.65
22.91
23.08
23.23
23.56
24.28
24.47
24.56
24.97
25.11
25.4
25.55
26.02
26.28
26.85
27.57
27.78
28.32
28.71
28.82
28.86
29.34
29.42
29.59
29.78
30.27
30.39
31.11
31.64
