0.43
1.16
1.66
1.82
2.14
2.37
2.44
3.28
3.7
4.47
4.5
4.65
5.16
5.36
5.91
6.1
6.25
6.61
6.96
7.54
7.7
8.37
8.76
9.1
9.28
9.35
9.81
9.97
10.48
10.61
10.75
10.91
11.05
11.28
11.84
12.37
12.66
13.14
13.34
13.43
13.72
13.83
13.91
14.44
14.74
14.96
15.41
15.52
15.72
15.92
16.32
16.48
16.82
16.92
17.59
18.2
18.73
18.91
19.06
19.11
19.5
19.89
19.95
20.1
20.72
20.86
21.13
21.25
21.4
22.04
22.44
22.57
22.93
23.21
23.59
24.06
24.68
24.93
25.04
25.41
25.59
25.69
26.02
26.39
26.48
26.72
27.1
27.2
27.85
27.88
28.5
28.63
28.76
29.4
30.31
30.42
30.57
31.1
31.72
32.145
