0.41
0.7
1.06
1.23
1.49
2.13
2.64
3.05
3.31
3.6
3.97
4.05
4.19
4.37
4.78
5.1
5.69
5.87
6.23
6.69
6.72
6.95
6.98
7.24
7.47
7.86
7.99
8.12
8.49
8.92
9.31
9.62
10.07
10.18
10.74
11.63
11.84
12.35
12.92
13.34
13.58
13.92
14.04
14.47
14.54
14.95
15.41
15.88
15.91
16.08
16.52
16.77
17.2
17.5
17.99
18.15
18.33
18.7
19.04
19.5
19.74
20.04
20.16
20.25
20.54
20.92
21.03
21.2
21.38
21.79
22.33
22.53
22.64
22.8
23.2
23.41
23.44
23.56
23.61
23.99
24.5
24.53
24.69
24.75
24.96
25.07
25.42
26.09
26.12
26.3
26.36
26.75
26.88
27.0
27.4
27.88
