0.25
0.4
0.93
0.96
1.21
1.84
3.09
3.27
3.5
3.68
3.95
4.08
4.49
4.71
4.78
5.13
5.37
5.54
5.76
6.09
6.22
6.51
6.62
7.16
7.74
7.93
8.23
8.32
8.78
9.09
9.38
9.41
9.64
9.73
9.89
10.12
10.36
10.96
11.2
11.45
11.67
12.04
12.12
12.45
12.56
12.9
13.46
13.59
13.81
13.99
14.23
14.41
14.61
14.79
15.26
15.64
15.84
16.56
17.25
18.01
18.53
18.78
18.93
19.37
19.57
20.0
20.31
20.5
21.19
21.27
21.42
21.79
23.12
23.31
23.45
23.69
24.11
24.63
24.72
24.99
25.13
25.53
26.01
26.23
26.46
26.6
27.01
27.41
27.47
27.72
27.92
28.32
28.96
29.13
29.35
29.44
29.73
29.86
30.33
30.38
30.62
30.83
31.28
31.7
