0.42
0.76
1.09
1.12
1.43
1.49
1.89
2.88
3.02
3.55
4.02
4.19
4.35
4.59
5.02
5.63
5.8
6.26
6.42
6.61
6.97
7.09
7.44
7.93
8.46
8.75
9.06
9.17
9.79
10.34
10.45
10.85
11.11
11.19
11.52
11.68
12.24
12.48
12.89
13.29
13.38
13.77
13.89
14.33
15.0
15.41
15.62
15.75
16.09
16.14
16.57
17.07
17.23
17.78
17.88
18.27
18.44
18.57
18.85
19.04
19.22
19.57
19.75
19.9
20.49
20.68
21.27
21.63
21.92
22.18
22.59
22.64
23.06
23.09
23.26
23.7
23.98
24.11
24.61
25.09
25.58
25.88
26.31
26.87
27.39
27.63
27.92
27.98
28.37
28.67
29.09
29.39
29.75
30.41
30.5
30.98
31.375
