0.38
0.62
1.1
1.31
1.93
2.58
2.69
2.87
3.55
3.66
3.83
4.54
4.65
4.84
5.25
5.43
5.95
6.78
7.02
7.13
7.54
8.13
8.66
9.3
9.5
9.66
9.85
10.08
10.39
10.45
10.87
10.98
11.12
11.22
11.69
12.3
12.7
12.95
13.47
13.58
13.76
13.97
14.42
14.5
14.68
14.71
15.02
15.41
15.81
16.09
16.27
16.5
17.02
17.43
17.59
18.04
18.47
18.67
19.0
19.47
19.56
19.79
19.9
20.01
20.4
20.89
21.03
21.17
21.25
21.51
21.97
22.21
22.63
23.15
23.28
23.53
23.65
24.12
24.31
24.72
25.21
25.59
25.78
26.2
26.23
26.29
26.9
27.46
28.47
28.945
