0.52
0.7
1.22
1.5
2.31
2.43
2.57
2.93
3.39
3.5
3.6
4.27
4.71
5.12
5.27
5.47
6.03
6.12
6.61
6.74
6.81
7.18
7.37
7.86
7.99
8.54
8.95
9.17
9.69
10.2
10.42
10.78
11.43
11.52
11.61
12.22
12.37
12.83
12.9
13.38
13.49
14.18
14.35
14.58
14.61
15.06
15.38
15.5
16.18
16.66
16.84
17.12
17.28
17.69
17.88
18.31
19.01
19.18
19.85
20.5
20.64
20.7
21.01
21.08
21.31
21.78
21.99
22.56
22.68
23.23
23.39
23.42
23.67
24.22
24.77
25.6
26.18
26.29
26.51
26.64
27.17
27.56
27.66
27.74
28.3
28.45
29.07
29.42
29.75
30.54
31.35
31.49
31.96
32.44
