0.27
0.45
0.67
1.05
1.33
1.47
1.93
2.12
2.77
3.42
3.45
3.79
3.98
4.43
4.57
4.91
5.24
5.38
5.95
6.49
6.73
6.86
7.71
7.76
8.68
8.77
9.34
9.86
10.19
10.24
10.49
10.86
11.08
11.26
11.85
12.08
12.22
12.51
12.64
12.67
13.22
13.86
13.96
14.07
14.64
14.77
15.24
15.55
15.72
15.79
16.55
17.07
17.24
17.57
18.26
18.47
18.88
19.0
19.09
19.76
20.35
20.5
21.09
21.74
22.49
22.7
22.97
23.44
23.6
23.77
24.1
24.33
24.69
24.9
25.27
25.55
25.76
25.92
26.09
26.52
27.06
27.24
27.65
28.25
28.35
28.99
29.14
29.76
29.94
30.29
30.43
30.51
31.05
31.57
32.21
32.645
