0.51
0.97
1.72
2.08
2.2
2.69
3.4
3.58
3.77
4.04
4.17
4.25
4.65
4.91
5.13
5.64
6.19
6.46
6.59
6.71
7.14
7.46
7.58
7.93
8.1
8.26
8.33
8.81
9.14
9.17
9.33
9.6
9.72
10.02
10.89
11.18
11.27
11.72
11.91
12.18
12.24
12.42
12.63
12.78
12.84
12.91
13.22
13.69
13.73
13.94
14.11
14.18
14.57
15.17
15.45
15.71
16.01
16.2
16.42
16.59
16.76
16.87
17.33
17.5
17.84
18.21
18.54
18.82
18.88
19.19
19.46
19.92
20.22
20.36
20.67
21.07
21.3
21.51
21.7
23.21
23.5
23.81
24.36
24.65
24.86
25.09
25.38
25.51
25.65
25.89
26.23
26.625
